18 5
46 32 11 75 58 
67 47 60 54 25 
40 60 75 60 61 
51 9 49 62 80 
20 23 33 67 60 
22 66 31 56 27 
46 80 28 38 80 
40 62 29 58 76 
55 25 11 19 35 
58 70 33 18 8 
51 6 61 19 47 
58 65 72 8 32 
64 2 9 25 26 
27 10 3 75 29 
57 75 8 11 58 
64 11 61 76 18 
53 27 10 78 79 
23 55 53 80 78 
0 1 1 1 1 
1 0 1 1 1 
1 1 0 1 1 
1 1 1 0 1 
1 1 1 1 0 
-1 -1 -1 -1 150 -1 38 392 129 -1 -1 -1 381 155 45 246 -1 174 
-1 -1 -1 -1 -1 -1 -1 -1 101 -1 -1 -1 -1 -1 -1 -1 -1 324 
-1 -1 -1 -1 337 133 -1 -1 -1 -1 -1 384 -1 338 -1 -1 49 217 
-1 -1 -1 -1 -1 -1 347 -1 320 -1 234 394 246 -1 -1 110 -1 -1 
-1 -1 -1 -1 -1 -1 -1 149 332 -1 -1 293 366 -1 -1 -1 -1 213 
-1 -1 -1 -1 -1 -1 -1 224 -1 183 222 -1 158 -1 -1 -1 271 116 
-1 -1 -1 -1 -1 -1 -1 -1 56 -1 272 19 -1 90 153 223 -1 228 
-1 -1 -1 -1 -1 -1 -1 -1 -1 -1 150 -1 135 -1 -1 -1 -1 -1 
-1 -1 -1 -1 -1 -1 -1 -1 -1 -1 250 214 305 284 -1 394 326 224 
-1 -1 -1 -1 -1 -1 -1 -1 -1 -1 -1 -1 -1 -1 -1 157 153 318 
-1 -1 -1 -1 -1 -1 -1 -1 -1 -1 -1 -1 -1 81 -1 51 -1 -1 
-1 -1 -1 -1 -1 -1 -1 -1 -1 -1 -1 -1 -1 -1 379 -1 369 179 
-1 -1 -1 -1 -1 -1 -1 -1 -1 -1 -1 -1 -1 -1 80 156 400 283 
-1 -1 -1 -1 -1 -1 -1 -1 -1 -1 -1 -1 -1 -1 -1 195 -1 320 
-1 -1 -1 -1 -1 -1 -1 -1 -1 -1 -1 -1 -1 -1 -1 -1 -1 131 
-1 -1 -1 -1 -1 -1 -1 -1 -1 -1 -1 -1 -1 -1 -1 -1 -1 259 
-1 -1 -1 -1 -1 -1 -1 -1 -1 -1 -1 -1 -1 -1 -1 -1 -1 238 
-1 -1 -1 -1 -1 -1 -1 -1 -1 -1 -1 -1 -1 -1 -1 -1 -1 286 
